driv
7
